#space
0000000
0000000
0000000
0000000
0000000
0000000
0000000
0000000
0000000
0000000
#!
0000000
0000000
0000000
0000000
0000000
0000000
0000000
0000000
0000000
0000000
#"
0000000
0000000
0000000
0000000
0000000
0000000
0000000
0000000
0000000
0000000
##
0000000
0000000
0000000
0000000
0000000
0000000
0000000
0000000
0000000
0000000
#$
0000000
0000000
0000000
0000000
0000000
0000000
0000000
0000000
0000000
0000000
#%
0000000
0000000
0000000
0000000
0000000
0000000
0000000
0000000
0000000
0000000
#&
0000000
0000000
0000000
0000000
0000000
0000000
0000000
0000000
0000000
0000000
#'
0000000
0000000
0000000
0000000
0000000
0000000
0000000
0000000
0000000
0000000
#(
0000000
0000000
0000000
0000000
0000000
0000000
0000000
0000000
0000000
0000000
#)
0000000
0000000
0000000
0000000
0000000
0000000
0000000
0000000
0000000
0000000
#*
0000000
0000000
0000000
0000000
0000000
0000000
0000000
0000000
0000000
0000000
#+
0000000
0000000
0000000
0000000
0000000
0000000
0000000
0000000
0000000
0000000
#,
0000000
0000000
0000000
0000000
0000000
0000000
0000000
0000000
0000000
0000000
#-
0000000
0000000
0000000
0000000
0000000
0000000
0000000
0000000
0000000
0000000
#.
0000000
0000000
0000000
0000000
0000000
0000000
0000000
0000000
0000000
0000000
#/
0000000
0000000
0000000
0000000
0000000
0000000
0000000
0000000
0000000
0000000
#0
0111100
1111110
1100110
1100110
1101110
1110110
1100110
1100110
1111110
0111100
#1
0111000
0111000
0011000
0011000
0011000
0011000
0011000
0011000
0111100
0111100
#2
0111100
1111110
1100110
0000110
0011100
0110000
1100000
1100000
1111110
1111110
#3
1111100
1111110
0000110
0000110
0111100
0111100
0000110
0000110
1111110
1111100
#4
1100110
1100110
1100110
1100110
1111110
1111110
0000110
0000110
0000110
0000110
#5
1111110
1111110
1100000
1100000
1111100
1111110
0000110
0000110
1111110
1111100
#6
0111100
1111110
1100000
1100000
1111100
1111110
1100110
1100110
1111110
0111100
#7
1111110
1111110
1100110
0000110
0000110
0000110
0000110
0000110
0000110
0000110
#8
0111100
0111100
1100110
1100110
0111100
0111100
1100110
1100110
0111100
0111100
#9
0111100
1111110
1100110
1100110
1111110
0111110
0000110
0000110
1111110
0111100
#:
0000000
0000000
0000000
0000000
0000000
0000000
0000000
0000000
0000000
0000000
#;
0000000
0000000
0000000
0000000
0000000
0000000
0000000
0000000
0000000
0000000
#<
0000000
0000000
0000000
0000000
0000000
0000000
0000000
0000000
0000000
0000000
#=
0000000
0000000
0000000
0000000
0000000
0000000
0000000
0000000
0000000
0000000
#>
0000000
0000000
0000000
0000000
0000000
0000000
0000000
0000000
0000000
0000000
#?
0000000
0000000
0000000
0000000
0000000
0000000
0000000
0000000
0000000
0000000
#@
0000000
0000000
0000000
0000000
0000000
0000000
0000000
0000000
0000000
0000000
#A
1111110
1111110
0000110
1100110
1111110
1111110
1100110
1100110
1100110
1100110
#B
1111100
1111110
0000110
1100110
1111100
1111100
1100110
1100110
1111110
1111100
#C
1111110
1111110
0000110
1100000
1100000
1100000
1100000
1100110
1111110
1111110
#D
1111100
1111110
0000110
1100110
1100110
1100110
1100110
1100110
1111110
1111100
#E
1111110
1111110
0000000
1100000
1111100
1111100
1100000
1100000
1111110
1111110
#F
1111110
1111110
0000000
1100000
1111100
1111100
1100000
1100000
1100000
1100000
#G
1111110
1111110
0000110
1100000
1101110
1101110
1100110
1100110
1111110
1111110
#H
1100110
1100110
0000110
1100110
1111110
1111110
1100110
1100110
1100110
1100110
#I
1111110
1111110
0000000
0011000
0011000
0011000
0011000
0011000
1111110
1111110
#J
0111110
0111110
0000000
0001100
0001100
0001100
0001100
1101100
1111100
1111100
#K
1100110
1100110
1101100
1101100
1101000
1101000
1101100
1101100
1100110
1100110
#L
1100000
1100000
1100000
1100000
1100000
1100000
1100000
0000000
1111110
1111110
#M
1100110
1111110
1111110
1111110
1111110
1100110
1100110
1100110
1100110
1100110
#N
1111100
1111110
0000110
1100110
1100110
1100110
1100110
1100110
1100110
1100110
#O
1111110
1111110
0000110
1100110
1100110
1100110
1100110
1100110
1111110
1111110
#P
1111100
1111110
0000110
1100110
1111110
1111100
1100000
1100000
1100000
1100000
#Q
1111110
1111110
0000110
1100110
1100110
1100110
1100110
1100000
1110110
1110110
#R
1111100
1111110
0000110
1100110
1111110
1111100
1101100
1101100
1100110
1100110
#S
0111110
1111110
0000000
1100000
1111100
0111110
0000110
0000110
1111110
1111100
#T
1111110
1111110
0000000
0011000
0011000
0011000
0011000
0011000
0011000
0011000
#U
1100110
1100110
1100110
1100110
1100110
1100110
1100110
0000110
1111110
1111110
#V
1100110
1100110
1100110
1100110
1100110
1100110
1100110
0001100
1111000
1110000
#W
1100110
1100110
1100110
1100110
1100110
1111110
1111110
1111110
1111110
1100110
#X
1100110
1100110
0111100
0111100
0011000
0011000
0111100
0111100
1100110
1100110
#Y
1100110
1100110
1100110
1100110
1110110
1110110
0000110
0000110
1111110
1111110
#Z
1111110
1111110
0001100
0001100
0011000
0011000
0110000
0000000
1111110
1111110
